0 
18 
33 
48 
63 
78 
93 
108 
123 
138 
153 
168 
183 
198 
213 
228 
243 
258 
273 
288 
303 
318 
333 
348 
363 
378 
393 
408 
423 
438 
453 
468 
483 
498 
513 
528 
543 
558 
573 
588 
603 
618 
633 
648 
663 
678 
693 
708 
723 
738 
753 
768 
783 
798 
813 
828 
843 
858 
873 
888 
903 
918 
933 
948 
963 
978 
993 
1008 
1023 
1038 
1053 
1068 
1083 
1098 
1113 
1128 
1143 
1158 
1173 
1188 
1203 
1218 
1233 
1248 
1263 
1278 
1293 
1308 
1323 
1338 
1353 
1368 
1383 
1398 
1413 
1428 
1443 
1458 
1473 
1488 
1503 
1518 
1533 
1548 
1563 
1578 
1593 
1608 
1623 
1638 
1653 
1668 
1683 
1698 
1713 
1728 
1743 
1758 
1773 
1788 
1803 
1818 
1833 
1848 
1863 
1878 
1893 
1908 
1923 
1938 
1953 
1968 
1983 
1998 
2013 
2028 
2043 
2058 
2073 
2088 
2103 
2118 
2133 
2148 
2163 
2178 
2193 
2208 
2223 
2238 
2253 
2268 
2283 
2298 
2313 
2328 
2343 
2358 
2373 
2388 
2403 
2418 
2433 
2448 
2463 
2478 
2493 
2508 
2523 
2538 
2553 
2568 
2583 
2598 
2613 
2628 
2643 
2658 
2673 
2688 
2703 
2718 
2733 
2748 
2763 
2778 
2793 
2808 
2823 
2838 
2853 
2868 
2883 
2898 
2913 
2928 
2943 
2958 
2973 
2988 
3003 
3018 
3033 
3048 
3063 
3078 
3093 
3108 
3123 
3138 
3153 
3168 
3183 
3198 
3213 
3228 
3243 
3258 
3273 
3288 
3303 
3318 
3333 
3348 
3363 
3378 
3393 
3408 
3423 
3438 
3453 
3468 
3483 
3498 
3513 
3528 
3543 
3558 
3573 
3588 
3603 
3618 
3633 
3648 
3663 
3678 
3693 
3708 
3723 
3738 
3753 
3768 
3783 
3798 
3813 
3828 
3843 
3858 
3873 
3888 
3903 
3918 
3933 
3948 
3963 
3978 
3993 
4008 
4023 
4038 
4053 
4068 
4083 
4098 
4113 
4128 
4143 
4158 
4173 
4188 
4203 
4218 
4233 
4248 
4263 
4278 
4293 
4308 
4323 
4338 
4353 
4368 
4383 
4398 
4413 
4428 
4443 
4458 
4473 
4488 
4503 
4518 
4533 
4548 
4563 
4578 
4593 
4608 
4623 
4638 
4653 
4668 
4683 
4698 
4713 
4728 
4743 
4758 
4773 
4788 
4803 
4818 
4833 
4848 
4863 
4878 
4893 
4908 
4923 
4938 
4953 
4968 
4983 
4998 
5013 
5028 
5043 
5058 
5073 
5088 
5103 
5118 
5133 
5148 
5163 
5178 
5193 
5208 
5223 
5238 
5253 
5268 
5283 
5298 
5313 
5328 
5343 
5358 
5373 
5388 
5403 
5418 
5433 
5448 
5463 
5478 
5493 
5508 
5523 
5538 
5553 
5568 
5583 
5598 
5613 
5628 
5643 
5658 
5673 
5688 
5703 
5718 
5733 
5748 
5763 
5778 
5793 
5808 
5823 
5838 
5853 
5868 
5883 
5898 
5913 
5928 
5943 
5958 
5973 
5988 
6003 
6018 
6033 
6048 
6063 
6078 
6093 
6108 
6123 
6138 
6153 
6168 
6183 
6198 
6213 
6228 
6243 
6258 
6273 
6288 
6303 
6318 
6333 
6348 
6363 
6378 
6393 
6408 
6423 
6438 
6453 
6468 
6483 
6498 
6513 
6528 
6543 
6558 
6573 
6588 
6603 
6618 
6633 
6648 
