1 
20 
36 
52 
68 
84 
100 
116 
132 
148 
164 
180 
196 
212 
228 
244 
260 
276 
292 
308 
324 
340 
356 
372 
388 
404 
420 
436 
452 
468 
484 
500 
516 
532 
548 
564 
580 
596 
612 
628 
644 
660 
676 
692 
708 
724 
740 
756 
772 
788 
804 
820 
836 
852 
868 
884 
900 
916 
932 
948 
964 
980 
996 
1012 
1028 
1044 
1060 
1076 
1092 
1108 
1124 
1140 
1156 
1172 
1188 
1204 
1220 
1236 
1252 
1268 
1284 
1300 
1316 
1332 
1348 
1364 
1380 
1396 
1412 
1428 
1444 
1460 
1476 
1492 
1508 
1524 
1540 
1556 
1572 
1588 
1604 
1620 
1636 
1652 
1668 
1684 
1700 
1716 
1732 
1748 
1764 
1780 
1796 
1812 
1828 
1844 
1860 
1876 
1892 
1908 
1924 
1940 
1956 
1972 
1988 
2004 
2020 
2036 
2052 
2068 
2084 
2100 
2116 
2132 
2148 
2164 
2180 
2196 
2212 
2228 
2244 
2260 
2276 
2292 
2308 
2324 
2340 
2356 
2372 
2388 
2404 
2420 
2436 
2452 
2468 
2484 
2500 
2516 
2532 
2548 
2564 
2580 
2596 
2612 
2628 
2644 
2660 
2676 
2692 
2708 
2724 
2740 
2756 
2772 
2788 
2804 
2820 
2836 
2852 
2868 
2884 
2900 
2916 
2932 
2948 
2964 
2980 
2996 
3012 
3028 
3044 
3060 
3076 
3092 
3108 
3124 
3140 
3156 
3172 
3188 
3204 
3220 
3236 
3252 
3268 
3284 
3300 
3316 
3332 
3348 
3364 
3380 
3396 
3412 
3428 
3444 
3460 
3476 
3492 
3508 
3524 
3540 
3556 
3572 
3588 
3604 
3620 
3636 
3652 
3668 
3684 
3700 
3716 
3732 
3748 
3764 
3780 
3796 
3812 
3828 
3844 
3860 
3876 
3892 
3908 
3924 
3940 
3956 
3972 
3988 
4004 
4020 
4036 
4052 
4068 
4084 
4100 
4116 
4132 
4148 
4164 
4180 
4196 
4212 
4228 
4244 
4260 
4276 
4292 
4308 
4324 
4340 
4356 
4372 
4388 
4404 
4420 
4436 
4452 
4468 
4484 
4500 
4516 
4532 
4548 
4564 
4580 
4596 
4612 
4628 
4644 
4660 
4676 
4692 
4708 
4724 
4740 
4756 
4772 
4788 
4804 
4820 
4836 
4852 
4868 
4884 
4900 
4916 
4932 
4948 
4964 
4980 
4996 
5012 
5028 
5044 
5060 
5076 
5092 
5108 
5124 
5140 
5156 
5172 
5188 
5204 
5220 
5236 
5252 
5268 
5284 
5300 
5316 
5332 
5348 
5364 
5380 
5396 
5412 
5428 
5444 
5460 
5476 
5492 
5508 
5524 
5540 
5556 
5572 
5588 
5604 
5620 
5636 
5652 
5668 
5684 
5700 
5716 
5732 
5748 
5764 
5780 
5796 
5812 
5828 
5844 
5860 
5876 
5892 
5908 
5924 
5940 
5956 
5972 
5988 
6004 
6020 
6036 
6052 
6068 
6084 
6100 
6116 
6132 
6148 
6164 
6180 
6196 
6212 
6228 
6244 
6260 
6276 
6292 
6308 
6324 
6340 
6356 
6372 
6388 
6404 
6420 
6436 
6452 
6468 
6484 
6500 
6516 
6532 
6548 
6564 
6580 
6596 
6612 
6628 
6644 
6660 
6676 
6692 
6708 
6724 
6740 
6756 
6772 
6788 
6804 
6820 
6836 
6852 
6868 
6884 
6900 
6916 
6932 
6948 
6964 
6980 
6996 
7012 
7028 
7044 
7060 
7076 
7092 
