0 
0 
0 
0 
0 
0 
1 
1 
16 
34 
56 
82 
82 
82 
82 
82 
82 
82 
82 
82 
82 
82 
82 
82 
82 
82 
82 
82 
146 
198 
248 
302 
360 
360 
360 
360 
360 
360 
360 
436 
518 
572 
630 
710 
794 
904 
1000 
1122 
1228 
1312 
1400 
1490 
1594 
1702 
1829 
1954 
2089 
2222 
2367 
2516 
2661 
2810 
3017 
3184 
3403 
3580 
3580 
3580 
3580 
3580 
3759 
3936 
4123 
4308 
4503 
4696 
4899 
5100 
5311 
5520 
5739 
5956 
5956 
5956 
5956 
5956 
5956 
5956 
5956 
5956 
5956 
5956 
5956 
5956 
5956 
5956 
5956 
5956 
5956 
5956 
5956 
5956 
5956 
5956 
5956 
5956 
5956 
5956 
5956 
5956 
5956 
5956 
5956 
5956 
5956 
5956 
5956 
5956 
5956 
6259 
6568 
6774 
6984 
7231 
7482 
7819 
8162 
8392 
8630 
8905 
9184 
9428 
9676 
9892 
10156 
10424 
10650 
10955 
11264 
11561 
11862 
12183 
12508 
12821 
13138 
13390 
13644 
14103 
14568 
15039 
15360 
15685 
16054 
16427 
16926 
17431 
17780 
18129 
18526 
18927 
18927 
18927 
18927 
18927 
19312 
19721 
20134 
20551 
20952 
21357 
21786 
22219 
22656 
23077 
23502 
23931 
24364 
24821 
25282 
25747 
26196 
26649 
27106 
27587 
28072 
28561 
29034 
29511 
29992 
30477 
30966 
31479 
31996 
32517 
33022 
33531 
34044 
34561 
35102 
35647 
36196 
36729 
37266 
38033 
38602 
39381 
39960 
39960 
39960 
39960 
39960 
40751 
41340 
42143 
42742 
42742 
42742 
42742 
42742 
43260 
43780 
44246 
44778 
45308 
45784 
46320 
46798 
47340 
47890 
48378 
48926 
49571 
50194 
50847 
51478 
52139 
52778 
53447 
54094 
55017 
55702 
56637 
57332 
57332 
57332 
57332 
57332 
58029 
58704 
59409 
60092 
61063 
61784 
62767 
63498 
63498 
63498 
63498 
63498 
64231 
64942 
