1 
2 
3 
4 
5 
6 
8 
9 
16 
21 
27 
35 
36 
37 
38 
39 
40 
41 
42 
43 
44 
45 
46 
47 
48 
49 
50 
51 
115 
143 
171 
201 
233 
234 
235 
236 
237 
238 
239 
278 
321 
351 
383 
427 
473 
534 
590 
657 
719 
767 
817 
868 
920 
976 
1046 
1120 
1194 
1272 
1358 
1446 
1530 
1616 
1714 
1808 
1910 
2008 
2009 
2010 
2011 
2012 
2110 
2212 
2314 
2420 
2526 
2636 
2746 
2860 
2974 
3092 
3210 
3332 
3333 
3334 
3335 
3336 
3337 
3338 
3339 
3340 
3341 
3342 
3343 
3344 
3345 
3346 
3347 
3348 
3349 
3350 
3351 
3352 
3353 
3354 
3355 
3356 
3357 
3358 
3359 
3360 
3361 
3362 
3363 
3364 
3365 
3366 
3367 
3368 
3369 
3528 
3693 
3808 
3922 
4064 
4208 
4393 
4580 
4709 
4835 
4995 
5157 
5295 
5435 
5577 
5716 
5859 
6005 
6185 
6367 
6537 
6709 
6897 
7087 
7265 
7445 
7611 
7777 
8007 
8253 
8501 
8675 
8849 
9053 
9259 
9517 
9777 
9963 
10149 
10365 
10583 
10584 
10585 
10586 
10587 
10809 
11031 
11275 
11521 
11751 
11983 
12215 
12469 
12725 
12965 
13207 
13451 
13697 
13943 
14211 
14481 
14735 
14991 
15249 
15507 
15787 
16069 
16335 
16603 
16873 
17145 
17419 
17693 
17989 
18287 
18569 
18853 
19139 
19427 
19715 
20025 
20337 
20633 
20931 
21368 
21674 
22117 
22429 
22430 
22431 
22432 
22433 
22882 
23200 
23655 
23979 
23980 
23981 
23982 
23983 
24279 
24603 
24897 
25199 
25529 
25831 
26143 
26447 
26793 
27111 
27423 
27775 
28123 
28475 
28827 
29183 
29539 
29899 
30259 
30623 
31132 
31506 
32025 
32405 
32406 
32407 
32408 
32409 
32785 
33165 
33545 
33929 
34462 
34856 
35399 
35799 
35800 
35801 
35802 
35803 
36199 
36599 
