0 
0 
0 
0 
0 
0 
0 
0 
9 
23 
40 
59 
59 
59 
59 
59 
59 
59 
59 
59 
59 
59 
59 
59 
59 
59 
59 
59 
60 
85 
108 
133 
160 
160 
160 
160 
160 
160 
160 
198 
238 
263 
290 
327 
366 
416 
457 
513 
558 
595 
634 
674 
727 
780 
838 
890 
952 
1008 
1068 
1130 
1192 
1256 
1366 
1440 
1558 
1638 
1638 
1638 
1638 
1638 
1720 
1796 
1882 
1962 
2052 
2136 
2230 
2318 
2416 
2508 
2610 
2706 
2706 
2706 
2706 
2706 
2706 
2706 
2706 
2706 
2706 
2706 
2706 
2706 
2706 
2706 
2706 
2706 
2706 
2706 
2706 
2706 
2706 
2706 
2706 
2706 
2706 
2706 
2706 
2706 
2706 
2706 
2706 
2706 
2706 
2706 
2706 
2706 
2706 
2851 
2996 
3088 
3185 
3291 
3399 
3552 
3709 
3811 
3924 
4040 
4158 
4265 
4374 
4449 
4575 
4701 
4782 
4908 
5036 
5164 
5294 
5428 
5564 
5700 
5838 
5925 
6014 
6244 
6464 
6688 
6836 
6988 
7154 
7322 
7564 
7810 
7974 
8138 
8320 
8504 
8504 
8504 
8504 
8504 
8668 
8856 
9026 
9198 
9370 
9544 
9742 
9922 
10104 
10286 
10470 
10656 
10844 
11056 
11250 
11446 
11642 
11840 
12040 
12264 
12470 
12678 
12886 
13096 
13308 
13522 
13738 
13978 
14200 
14424 
14648 
14874 
15102 
15332 
15586 
15822 
16060 
16298 
16538 
16869 
17133 
17470 
17738 
17738 
17738 
17738 
17738 
18081 
18353 
18702 
18978 
18978 
18978 
18978 
18978 
19201 
19398 
19571 
19802 
20003 
20178 
20403 
20578 
20775 
21008 
21185 
21382 
21680 
21952 
22254 
22530 
22836 
23116 
23426 
23710 
24125 
24437 
24854 
25170 
25170 
25170 
25170 
25170 
25492 
25788 
26114 
26414 
26853 
27181 
27622 
27954 
27954 
27954 
27954 
27954 
28292 
28604 
