9 
8 
7 
6 
5 
4 
4 
3 
5 
8 
12 
18 
17 
16 
15 
14 
13 
12 
11 
10 
9 
8 
7 
6 
5 
4 
3 
2 
64 
90 
108 
130 
154 
153 
152 
151 
150 
149 
148 
185 
226 
254 
284 
326 
370 
427 
465 
528 
570 
616 
664 
711 
761 
815 
883 
941 
1013 
1075 
1137 
1201 
1269 
1339 
1435 
1507 
1607 
1683 
1682 
1681 
1680 
1679 
1775 
1857 
1957 
2043 
2147 
2237 
2345 
2439 
2551 
2649 
2765 
2867 
2866 
2865 
2864 
2863 
2862 
2861 
2860 
2859 
2858 
2857 
2856 
2855 
2854 
2853 
2852 
2851 
2850 
2849 
2848 
2847 
2846 
2845 
2844 
2843 
2842 
2841 
2840 
2839 
2838 
2837 
2836 
2835 
2834 
2833 
2832 
2831 
2830 
2977 
3130 
3236 
3346 
3478 
3612 
3781 
3950 
4070 
4192 
4340 
4490 
4618 
4748 
4880 
5014 
5150 
5288 
5452 
5618 
5786 
5956 
6128 
6302 
6478 
6656 
6812 
6970 
7198 
7428 
7660 
7828 
7996 
8198 
8402 
8644 
8888 
9068 
9248 
9462 
9678 
9677 
9676 
9675 
9674 
9894 
10114 
10338 
10564 
10792 
11022 
11252 
11486 
11722 
11960 
12200 
12442 
12686 
12930 
13178 
13428 
13680 
13934 
14190 
14446 
14706 
14968 
15232 
15498 
15766 
16036 
16308 
16580 
16856 
17134 
17414 
17696 
17980 
18266 
18552 
18842 
19134 
19428 
19724 
20157 
20421 
20860 
21128 
21127 
21126 
21125 
21124 
21569 
21841 
22292 
22568 
22567 
22566 
22565 
22564 
22858 
23176 
23464 
23764 
24088 
24384 
24694 
24990 
25324 
25640 
25944 
26284 
26630 
26936 
27286 
27596 
27950 
28264 
28622 
28940 
29445 
29765 
30280 
30604 
30603 
30602 
30601 
30600 
30972 
31302 
31678 
32012 
32541 
32877 
33416 
33756 
33755 
33754 
33753 
33752 
34144 
34490 
